SubjectNumActivity               tBodyAcc-mean-X tBodyAcc-mean-Y    tBodyAcc-mean-Z     tBodyAcc-std-X        tBodyAcc-std-Y     tBodyAcc-std-Z     tGravityAcc-mean-X tGravityAcc-mean-Y     tGravityAcc-mea

          1WALKING               0.27467199251579 -0.023688828571368 -0.11763259087368 -0.20738927370526        0.089433103621053 -0.29102863521053 0.87165596473684      -0.35291404915789     0.0470575013

          1WALKING_UPSTAIRS  0.27352444464151 -0.020818400813207 -0.11527759216981 -0.89725624358491             -0.7741238370717 -0.76202214183019 0.88390257849057      -0.21175219426415     0.0791451120
                                                               -
          1WALKING_DOWNSTAIRS0.254227281897960.0071962511408163 -0.12820153326531 -0.49975326551225             -0.26794798838367 -0.34991607725714 0.83312885122449      -0.17357569801837     -0.114037009

          1SITTING                0.2767560593617 -0.017290509238298 -0.10796265474468    -0.8631604787234      -0.77132477221277 -0.86143982340425 0.58584050808511      0.022791668723404      0.265760107

          1STANDING              0.27668807698113 -0.016857593956604 -0.10537097818868 -0.98288867622641        -0.94786492169811 -0.94848203924528 0.90772012679245      -0.24892750560272      0.183470696
          1LAYING                    0.2832948778      -0.01784790459    -0.10746959714     -0.8542722118          -0.770280181888     -0.8669984586     -0.097026802          0.4411038476          0.483122

          2WALKING               0.27642658644068 -0.018594919914576 -0.1055003579661 -0.42364283847458 -0.078091253311864 -0.42525752491525 0.91301733338983                   -0.34660709     0.0847270871

          2WALKING_UPSTAIRS      0.24716479039583 -0.021412113204583 -0.15251389952083 -0.30437640645833         0.10802727988958 -0.11212102122083 0.79071741854167      -0.41621489041667     -0.195888238

          2WALKING_DOWNSTAIRS0.27761534806383 -0.02266141583617 -0.11681294238298 0.046366681444681              0.26288178895106 -0.10283790806383 0.86183134553191       -0.3257801006383     -0.043889016

          2SITTING               0.27708735173913 -0.015687993728261 -0.10921827245652 -0.98682227956522        -0.95070449913043 -0.95982817173913 0.94047727304348      -0.10563002449878      0.198726768

          2STANDING              0.27791147222222 -0.018420827016667 -0.10590853605556 -0.98727188925926        -0.95730498925926    -0.9497418512963 0.89692856685185    -0.37006269685185      0.129747161

          2LAYING                0.28137340395833 -0.018158739758333 -0.10724561041667 -0.97405946479167            -0.98027739875    -0.984233296875   -0.509754238125      0.752536639375      0.646834879

          3WALKING               0.27616915741379 -0.025659634493345 -0.11000960243103 -0.44635940522414        -0.36526910737414 -0.56782406275862 0.94926784172414      -0.17045508586207      0.110868573

          3WALKING_UPSTAIRS  0.24860538433898 -0.015183593376271 -0.10409827976271 -0.94666637559322            -0.87375078311864 -0.92283033152542 0.23401326627119      0.22494533905763             0.4084
                                                               -
          3WALKING_DOWNSTAIRS 0.28021623775510.0084915406120408 -0.10266280795918 -0.9575906555102              -0.86267755183674 -0.89925246714286 0.96210521040816 -0.029637004204082          0.110863272

          3SITTING               0.28260544057692 -0.014213942520192 -0.11037040386539 -0.45559719314615        -0.19123531421539 -0.62141399769231 0.80143251384615      0.034442878019231      0.164953565
                                                                                                                                                                   -
          3STANDING              0.27187971014754 -0.015164461336066 -0.11166245901639 -0.89593182459016        -0.82957674690328 -0.91969763950820.081255964262295       0.68474704833352       0.281030117

          3LAYING                0.27303691225806 -0.016636892627097 -0.10764351762903 -0.11340294018387         -0.1563679148321 -0.45619848096774 0.95081004483871      -0.10899930789194      0.133291520

          4WALKING               0.27858201516667 -0.014839947534167    -0.11140306485 -0.44082997133333 -0.078826736768333 -0.58625280683333 0.96399969683333 -0.085854026566667                0.127764112

          4WALKING_UPSTAIRS  0.27087669673077 -0.031980429572962 -0.11421945551923 -0.20493304290385 -0.066689910518077 -0.37213777769231 0.94626431442308 -0.23294430461539                    0.0841675382
                                                                -
          4WALKING_DOWNSTAIRS0.279965329555560.0098020085066667       -0.1067775246 0.011193549622222     -0.21859832499 -0.47918597711111 0.94773185866667 -0.062085277295556                   0.148714808
          4SITTING               0.27153827992    -0.007163065158    -0.10587459588       -0.980309931    -0.89022398108      -0.9322030066     0.8693030064   0.21162253993689                      0.110120
                                                                -                 -
          4STANDING          0.280499745892860.00948911098553570.096157490553571           -0.97692058    -0.86159737875 -0.89688053839286     0.95619779125 -0.075900906107143                  0.166893825

          4LAYING                0.26355921498148 -0.015003184105556 -0.11068815031482 -0.95419373888889        -0.94171404240741 -0.96266731481482 -0.42066466222222     0.91516510425926       0.341531310
                                                                                     -
          5WALKING               0.24950698833929 -0.0228655940678570.075824448964286 -0.95978058821429         -0.86858460264286 -0.86577716471429 0.85722496035714 0.052201610331607      0.078588
                                                                                                                                                                   -
          5WALKING_UPSTAIRS      0.27431795234043 -0.024164631912766 -0.11905701693617 -0.71584766702128        -0.63834535487234 -0.68066598353830.047200549574468 -0.031815833091489 -0.0696070034

          5WALKING_DOWNSTAIRS0.28334252106383 -0.01651374417234 -0.10661498989362 -0.97197320957447             -0.95149982361702 -0.94976769659575 0.19971230021277      0.21528929253851       0.308799008

          5SITTING               0.27447166022727 -0.01413923307275 -0.11046822895455 -0.17862136652273         -0.28955585790909 -0.21830201888636 0.90941992363636 -0.020414807422727             -0.197135

          5STANDING                  0.2807106775 -0.019315837016179 -0.11003708371429 -0.17332847392857        -0.25425941471429 -0.034814323083214 0.88742416017857 -0.025979499472143 -0.0705695561

          5LAYING                0.28105451211539 -0.027307726328269 -0.10353595701154 -0.38577944846154        -0.42867627577308 -0.41175507745385 0.93847358980769 -0.093646472969231          -0.10311401
                                                                                     -
          6WALKING               0.26242953807017 -0.0168100044133330.099719772385965 -0.96664744403509         -0.92597984666667 -0.93762435526316 0.64011522178947 -0.099288246380702          0.280913782

          6WALKING_UPSTAIRS      0.28438052960784 -0.01652274781699 -0.11228789311765 -0.17524706217647         -0.21179111909804    -0.3619593654902 0.91051739058823    -0.08998175154902      0.021091847

          6WALKING_DOWNSTAIRS       0.27545339625     -0.01736420625 -0.1060264611875 -0.84593846991667         -0.85320543483333 -0.87270243958333 -0.21722656916667     -0.28820018895833          0.44017

          6SITTING               0.26558603981818 -0.017711352963636 -0.10736473938546 -0.19688021494545        -0.11588684822182      -0.22858186746 0.94111933818182 -0.095854240181818 0.00830026390

          6STANDING              0.28851484796491 -0.018493379510526 -0.11374861893684    0.03673293854386      0.014588743192982 -0.24712707832017 0.94584221368421 -0.074883714157895          0.047689255

          6LAYING                0.27460836649123 -0.014043436933333 -0.11130248345614 -0.91957194824561        -0.84486384758596 -0.87744675964912 0.90968194596491 -0.007067244631579          0.056001080
                                                                                     -
          7WALKING                0.2745280122807 -0.0156379439385970.099246804124561 -0.98017598175439         -0.93329906333333 -0.92911653263158 0.74013368929825      0.16274715594561      0.0722347165

          7WALKING_UPSTAIRS      0.27555583117647 -0.016061025371765 -0.10661528333333 -0.32269802193725        -0.18919188894118 -0.44042442032353 0.74014710156863 -0.066551289803922         0.0023151753

          7WALKING_DOWNSTAIRS0.27338603531915 -0.020342216544681          -0.107595383 -0.96818009234043        -0.95532065893617 -0.94958311680851 -0.24976337597872     0.71305368234043        0.32379153


          7SITTING                 0.268075346875 -0.027303321241667   -0.103316713625        -0.4269740025     -0.24018820774583    -0.4927393724375 0.94169921708333      -0.254600808125      -0.05726966

          7STANDING              0.27819037509434 -0.018344156645283 -0.10805498733962 -0.024371499283019       0.071787062301887 -0.43314962830189 0.94790689849057      -0.19983786660377 -0.0650066368

          7LAYING                0.27756544788462 -0.016965529101923      -0.111214811 -0.98447774942308        -0.92557347846154 -0.95666916634615 0.94419880423077      -0.23915496711539 -0.0889437640

          8WALKING                 0.277266196875 -0.016242562054167 -0.1109039216875        -0.88220309375     -0.74712057297917      -0.86290038325 0.94419531333333       -0.22947141625     0.0619674119

          8WALKING_UPSTAIRS  0.28121963292683 -0.014141158170732 -0.11139761953659 -0.98917997219512            -0.97171190268293 -0.97856592658537 0.63518343390244      0.31849218336585       0.197674502
                                                               -
          8WALKING_DOWNSTAIRS0.274015639736840.0091994951368421 -0.10819893842105 -0.99178684605263             -0.93985227894737 -0.96778504631579 0.92863852526316 -0.066175898078947         0.0735213121

          8SITTING               0.27973937956522 -0.017512619867609 -0.11324963836957 -0.18355039587174        0.064847154634783 -0.21430634738478     0.9270356826087   -0.25245906826087 -0.0865858527

          8STANDING              0.28733056333333 -0.016171793922222 -0.10564798190741 -0.56090187674074        -0.31969003030093 -0.49231249818519 0.51344361037037       0.17619798370370.000984725111

          8LAYING                0.26410390475926 -0.027353356376111 -0.12205269148148 -0.22025094075926         0.10514062391852 -0.22134550837037          0.86720306   -0.32935512425926     -0.166545005

          9WALKING               0.27850284211539 -0.018089197128442 -0.11082051230769 -0.23835356269231        -0.20169696082692 -0.057963646903077 0.95186707961538 -0.031434173873077        -0.115856121

          9WALKING_UPSTAIRS   0.26243647571429 -0.019510109997571 -0.12521900395918 -0.36144437755102           -0.30220620381633 -0.25343408354286 0.9026477777551 -0.037794782428571 -0.266009866
                                                                                    -                                                              -
          9WALKING_DOWNSTAIRS        0.295923445 -0.0203994269075480.091027879395238 0.21339227054762           -0.208310705504760.0077153003571429 0.93841777333333 -0.035230464510476 -0.0822761749
          9SITTING                0.24832674354       -0.02701677698   -0.07537846886    -0.9572277914                -0.875141405    -0.83200187268    0.9163245106    -0.0414258228938     0.0852630
                                                                                    -
          9STANDING           0.28231005733333 -0.0200454954022220.095274748133333 -0.97574125244444            -0.93863575933333 -0.91929580577778 0.96132350222222        -0.010383816474 0.00914769235
          9LAYING                  0.2591955368      -0.020526821662   -0.10754972144       -0.94233309              -0.9162927764     -0.9407072854    -0.5802528348          -0.1191541962       0.95787

         10WALKING               0.27857407660377 -0.017022351190566 -0.10905751213207 -0.17870973439623 -0.022743165169811 -0.39564507207547 0.96309214981132 -0.083827701396226               0.0549276242

         10WALKING_UPSTAIRS      0.26712185340425 -0.014385492034043 -0.11818042083404 -0.16159192423404 -0.0055528769276596 -0.073874493134043 0.93186102744681          -0.05656702787234     0.0227527702

         10WALKING_DOWNSTAIRS0.29040159431579 -0.020005077071053 -0.11084859724737        0.29573354763158      0.004079153631579 -0.18355756203289 0.93980742105263 -0.064616076894737         0.0418715409

         10SITTING               0.27061205648148 -0.015042681852037 -0.1042532387963 -0.98290182592593         -0.91797952996296 -0.96782698166667 0.79188719814815           -0.041260775      0.202534572

         10STANDING              0.27665030068182 -0.015541860340909 -0.10796408393182 -0.97840348181818        -0.91956184340909 -0.94127144045455 0.95400878545455 -0.043159783045455         0.0346980210

         10LAYING                0.28023057413793 -0.024294484137931 -0.11716864236207         -0.968283685     -0.94645430206897 -0.95947148637931 -0.45306973758621     -0.13929768103448 -0.0311216241

         11WALKING               0.28073133830509 -0.017713838875254 -0.10642458646441 -0.33202631627119        -0.25621574186441 -0.37388189711864 0.92027820491525      -0.25358920966102 -0.0626785021

         11WALKING_UPSTAIRS      0.27692593666667 -0.016830735260741 -0.10810565587037 -0.69576929018518        -0.61964235148148 -0.67020927351852 0.91844992425926      -0.24018906314815     -0.143463912
11WALKING_DOWNSTAIRS0.26739202804348 -0.021880479713646 -0.10652846123043           -0.374952845   -0.22469366506522 -0.35495206826087 0.89596679804348     -0.28837974543478   -0.104185511

11SITTING              0.27518462981132 -0.017029162075472 -0.10678488826415 -0.98108786415094     -0.97347328867924 -0.980301808301890.074363342641509     0.55907616464151     0.397621314

11STANDING             0.27643175021277 -0.013852639906383 -0.10901253585106 -0.99383309510638      -0.9803109693617 -0.97864214808511 0.75260120191489    0.14697150510638      0.124226706
                                                                                                                                                                           -
11LAYING               0.27760211122807 -0.018294252050877 -0.10611480598246 -0.56271243807018     -0.45062128691228 -0.64354945263158 0.572594127017540.00062500070175438       0.282174024
12WALKING                  0.2771286656     -0.015560927606    -0.10316110632   -0.128898533096       -0.122783290008     -0.4106060626    0.9668735148        -0.1559834498        -0.036084

12WALKING_UPSTAIRS     0.27297033865385 -0.026357490340385 -0.10733973011539 -0.29014919230769     -0.10381825982308 -0.43669742557692 0.93837147326923     -0.25914420269231 -0.0702503820

12WALKING_DOWNSTAIRS 0.2815210973913 -0.018084266865793 -0.10955593226087 0.042408491608696        0.11083534373913 -0.42501741347826 0.94986198065217      -0.17870217543478 -0.0561050624

12SITTING              0.27500722490196 -0.015789298852353 -0.10630722896078 -0.98256878196078           -0.92858124 -0.93966188901961    0.9262289754902   0.083050901082353   0.0885640696

12STANDING             0.27740583491803 -0.016900254319672 -0.1055269997541 -0.98124399245902      -0.92314025409836 -0.92068480011475 0.95731782180328     -0.21886535557377 -0.0395382767

12LAYING                     0.260113433 -0.017520391714667 -0.10816012566667        -0.95531868   -0.94907200933333      -0.9483338435     -0.3785920653        0.8033788345        0.27504

13WALKING              0.27588313035088 -0.018566065194737 -0.11143145619298 -0.34698039421053     0.14186668939298 -0.22050353702632 0.91085570929825      -0.28365858087719   -0.131299718

13WALKING_UPSTAIRS     0.25820393958182 -0.027739225391091 -0.12576726589091 -0.29628459745454     0.10447077380182 -0.21721056808545 0.84763431345454      -0.35740450163636   -0.207507170

13WALKING_DOWNSTAIRS0.29490755340426 -0.014372383910851 -0.10199394153192 -0.068156362661702          -0.03212524665 -0.15833314619149 0.94187561978723     -0.21155511255319 -0.0950820341
                                                      -                 -
13SITTING           0.274328499591840.00587732936326530.097246511083674 -0.98954627530612          -0.93896774163265   -0.9386412155102 0.92557651244898     0.1017697524898    0.0757773858

13STANDING             0.27775843105263 -0.016789199396491 -0.11212413775439 -0.99102075929825     -0.94942243947368 -0.96753803175439    0.9426952968421   -0.23994314631579 -0.0524856614

13LAYING               0.27671636048387 -0.020440454366129 -0.10433186453226 -0.96889198935484     -0.95094794951613 -0.95039299548387 -0.15685220646774    0.65640094435484     0.598884988

14WALKING              0.26024327237288 -0.017909750613559 -0.10919689987458 -0.80962603823729     -0.65506890355932 -0.77270971152542 -0.11392993305085    0.58486507525424     0.298300271

14WALKING_UPSTAIRS     0.27251997607407 -0.019451640447963 -0.11687734720741 -0.026324192848148    0.44081975859259 -0.21801501242593 0.87446884314815      -0.34041984055556 -0.0844385567

14WALKING_DOWNSTAIRS0.27688352911111 -0.018117000527333 -0.11169611904444 -0.092357970044444       0.58080469422222 -0.17989419548889 0.90207572644444      -0.33097076688889 -0.0406288095

14SITTING              0.28094760851852 -0.011888749518518 -0.10084840998148 -0.97959147518518     -0.93296178074074 -0.93496855537037 0.88231630925926 -0.010660507518519       0.163486752

14STANDING             0.27351240316667     -0.021738187865 -0.10666878746667     -0.82866051292     -0.718610442385 -0.78624467233333 0.89102931766667          -0.314224242   0.0153433054

14LAYING                0.2444446727451 -0.013130076115098 -0.10567956407843 -0.95455035607843     -0.92828590666667 -0.94052709431373 0.28138290021569     0.35155162982353     0.291068450

15WALKING               0.2755414837037 -0.01585058739963 -0.10679483590741 -0.97769669481482      -0.96492660240741 -0.96698553148148 0.22372178055556           0.454710249    0.395390469

15WALKING_UPSTAIRS     0.28049356895833 -0.020522961539583 -0.11340035333333 -0.51749265374583     -0.35299719888542 -0.43380558658333 0.65351401541667     0.10493352697917    0.0606598039
                                                                                                                                                      -
15WALKING_DOWNSTAIRS0.27053450011905 -0.018291364971429 -0.10353049683333 -0.83897481738095        -0.78053803071429 -0.794348245238090.010938046904762     0.51385465145238     0.474825587

15SITTING              0.27604167305085 -0.019016503219661 -0.11463383488136 -0.74297819152542     -0.61977287705085   -0.6739004840678 0.94745572389831    -0.16249031466102   -0.110021108

15STANDING             0.27804584996226 -0.020169385456604 -0.10334847203774 -0.18269731325849 -0.013255663826415 -0.27593538926415 0.87647126188679        -0.29216884343396   -0.066075367

15LAYING                   0.2767553125 -0.012825521441778 -0.10239600265278 -0.98990503652778     -0.95542379736111 -0.95073386583333       0.9258660075   0.063802821208333   0.0441952637

16WALKING              0.27864155607843 -0.017707332145098 -0.10931154192157 -0.81513193823529     -0.68170802041177   -0.8148272154902        0.70987913 -0.063509812352941     0.206843638

16WALKING_UPSTAIRS            0.27484007 -0.02467697899098 -0.11380802790196    -0.2779376704902   0.01039193527451 -0.35749607203922 0.80438515176471      -0.30657055882353   0.0882428560

16WALKING_DOWNSTAIRS0.27731754978723 -0.020042307325532 -0.1090615652766 -0.58580049521277         -0.43491406124255 -0.67285985234043    0.2128070206383   0.15789018957447     0.368885318

16SITTING               0.2669425182029 -0.018973929114638 -0.11366995153623 -0.54321490046377     -0.36680677958116 -0.42642614134783 0.86192147942029     -0.28985762066667    -0.11897269

16STANDING             0.27284405105128 -0.017662101554103 -0.12888990376923 -0.230284298283330.00063478119487179 -0.16302210698205 0.89969525730769        -0.25249937269231   -0.161554541

16LAYING               0.27618281257143 -0.019474874015714 -0.10655581684286 -0.89513535357143         -0.8456350377 -0.86255895342857         0.62220924 -0.028010807870629     0.233434197

17WALKING              0.27226527344262 -0.015505989060328 -0.10673622037705 -0.14963903925082     -0.14535294687853 -0.45844204639344 0.95220290196721     -0.11682206954098    0.132302513

17WALKING_UPSTAIRS            0.28111674 -0.020734701879167 -0.10800049852083   -0.7380361953125   -0.66168816569583    -0.761549550625      0.9548722025    -0.1049751276875       0.126780

17WALKING_DOWNSTAIRS 0.2742028226087 -0.020098732926391 -0.10515399793478 -0.53480093865217        -0.46412670818043 -0.62295900608696 0.95253127782609     -0.12532980769565    0.108360314

17SITTING              0.26313702404688 -0.012486540648438 -0.10667564623438      -0.94601377875   -0.90096540846875   -0.9450400540625 0.17659561453125    0.56443825027257     0.219410336

17STANDING              0.2739920521282 -0.010297016698846 -0.10598825205128 -0.86398819641026      -0.7131139041282 -0.81451119871795 0.89040359064103 -0.014819299251282       0.121518210

17LAYING               0.28199476661972 -0.014586388093662 -0.11362673370423 -0.50362769634789     -0.31045124882113 -0.66917117098592 0.60600314957747     0.17164119599577      0.20906420

18WALKING              0.27388775857143 -0.017802363186607 -0.10421831546429      -0.37600552125   -0.22700587489286 -0.42834806107143      0.92386524875   -0.25431708589286 -0.0609313415

18WALKING_UPSTAIRS     0.26540120189655 -0.022206068437891 -0.11265589132759 -0.38016828672414     -0.21115512022414 -0.31437339137931 0.88333025844828      -0.3166199462069   -0.106112549

18WALKING_DOWNSTAIRS0.28843946890909 -0.016866692022182        -0.1033908092 -0.30263456509091     -0.25421404581818 -0.41861012745455 0.93227747836364     -0.22580912545455 -0.0493636733

18SITTING              0.27727001877193 -0.012869127973684 -0.11190477582456 -0.99434798859649     -0.97492813105263 -0.97757271701754 0.90981646929825     0.12988647622807     0.161877417

18STANDING             0.27845880589041 -0.016635351815068 -0.1084533559452 -0.99201976273973      -0.95422343630137 -0.96187390917808 0.94757323986301      -0.2042063209589 -0.0485767106

18LAYING               0.27469157692308 -0.017393768461538 -0.10769892790769 -0.98452764923077     -0.98616092092308 -0.98765866230769 -0.22060050907692    0.71975540369231     0.605495317
                                                                            -
19WALKING                  0.24563822725 -0.0353908424769230.087973334538461 -0.95397361961538     -0.87777495192308 -0.84817178257692 0.21738737288461     0.24680093470385    -0.101749722
19WALKING_UPSTAIRS          0.2828559815 -0.0169620417925       -0.1095036439      -0.400762233        -0.27388711785 -0.48749708916375    0.45734384325      -0.233463521025        0.303274

19WALKING_DOWNSTAIRS0.27680517051282 -0.017032747669231          -0.105471779 -0.66329207717949    -0.52708964294872 -0.69659246810256 0.37282613641026     -0.17772822865615    0.168381296

19SITTING              0.27642008041096 -0.018298377702753 -0.10913680191781    -0.2772841480411   -0.33367767684931 -0.21730177062411 0.92401533260274     -0.04372773810274   -0.141862204

19STANDING             0.26915519164384 -0.019326078331589 -0.10838378646575 -0.44417280493151     -0.54284191663014 -0.38081406205069 0.39224253643836     0.066053845163836    0.225349409

19LAYING               0.27850763240964 -0.020144916397229 -0.10255494448916 -0.70041176313253     -0.66491381802651 -0.73963415861446 0.86807023277108     0.061988391911687 0.00778446565

20WALKING              0.27258933647059 -0.021199992245098 -0.11353947709804 -0.20834279201961     0.48977180862745 -0.22873421737255 0.89996520568628      -0.34444391313725         -0.0351

20WALKING_UPSTAIRS  0.25209831715686 -0.028225804758824 -0.12102394778431 -0.11608867601176        0.15219632835098 -0.22924945509804 0.77709571705882      -0.47989484294118   -0.130117634
                                                      -
20WALKING_DOWNSTAIRS0.296144421355560.0096412077315556 -0.10460292593778 0.074509878528889         0.61693701533333 -0.16093853648889          0.91972663   -0.27741971866667 -0.0282591579

20SITTING              0.27804543909091 -0.014722930513182 -0.10836963451515 -0.98308185893939     -0.93612270469697 -0.92910639681818 0.92445452242424     0.073338541287879    0.151679135

20STANDING             0.27807690465753 -0.018069504916164 -0.10040275993151 -0.96720996123288     -0.87541041109589 -0.91314248164384 0.91123175246575     -0.30593871671233   0.0708655286

20LAYING               0.23950788220588 -0.014440628113235 -0.10427432253824 -0.96224911470588     -0.96409818029412 -0.97257199838235 -0.47243141557353    0.86488295661765          0.4775

21WALKING              0.28576986969231 -0.016562636978846 -0.11185506748846 -0.30830150021154     -0.42768570284615 -0.46853779069231 0.94895421288462 -0.074679633192308      0.0224588576

21WALKING_UPSTAIRS     0.27469600446809 -0.017132279208511 -0.11298390212766 -0.90115038851064     -0.85893371421277 -0.84001080370851 0.76599718446808     0.10737225522766 -0.0443131698

21WALKING_DOWNSTAIRS0.27622131444444 -0.015461410182222 -0.11342113897778 -0.71513776266667        -0.62872747608889 -0.60980858797778 0.94549761977778 -0.073981763706667 -0.0195596729

21SITTING              0.27663983894118 -0.017458861394706 -0.10521365714118 -0.71648037669412     -0.69578332387059 -0.74108928423529 0.65618033858823     -0.14311398588235    0.177936324

21STANDING             0.26051891898876 -0.016109396308427 -0.10165851676629 -0.57127547642697     -0.50667290208539 -0.63071108816854 0.68050332238202     0.060469619801124    0.224726046
21LAYING                0.27800067522222 -0.020362569322516 -0.11131028355556      -0.3553904216   -0.35733144913333       -0.526504122 0.62264775188889    -0.32967501388889    0.0401406960

22WALKING           0.27782375869565 -0.015329906886957 -0.1150912638913 -0.86609297108696         -0.77875114881522 -0.80072107526087 0.91544873804348     -0.24127200065217    -0.133162189
                                                                       -
22WALKING_UPSTAIRS  0.27338084357143 -0.0166218185666670.097580058597619 -0.98060506761905         -0.94846392214286 -0.94963586690476 0.71418753859524      0.13307450464286     0.197638873
                                                      -                -
22WALKING_DOWNSTAIRS0.272246982777780.00782309591111110.099440751166667 -0.98723817416667          -0.93414323888889 -0.93634643555556 0.74166142388889     0.024650244166667          0.2590

22SITTING               0.28525177741935 -0.01776491999129 -0.10538867551613 -0.14505608814032     0.023804539358871       -0.310167695 0.93719590370968    -0.20173050064516    -0.127765963

22STANDING              0.27316414777778 -0.016671092203175 -0.10938303509524 -0.76922194685873    -0.67828866273809 -0.708719016801590.091444764412698      0.45639062603175     0.110252173

22LAYING                   0.26727273875 -0.024129883558472 -0.11343458193056 -0.25782568757083 -0.078673978863889 -0.32991509746806 0.90515303486111       -0.26893252152778    -0.152599539

23WALKING                0.2782578779661 -0.016608600045763 -0.10784997244068   -0.9909752479661   -0.95033627677966 -0.95814678881356 0.94700495779661      -0.2029816140678 -0.0571594846

23WALKING_UPSTAIRS      0.27450237156863 -0.017292033313725 -0.10787534478431 -0.98676333823529    -0.98399028862745 -0.98698342078431 0.19630659843137       0.4556272274902     0.518663900

23WALKING_DOWNSTAIRS0.27683849388889 -0.012800115561111 -0.11208453507407 -0.99360624648148        -0.97292029425926 -0.97575352203704 0.77463182351852      0.14471485357407     0.143286072

23SITTING               0.28079465470588 -0.016596940743235 -0.10939922136765 -0.24505424445588    0.056044789672059 -0.40087263055882 0.93671674602941     -0.26389424411765    0.0599317275

23STANDING              0.28083830882353 -0.015906228276471 -0.10968618955882 -0.79650454970588    -0.71796907417647 -0.84076904426471 0.17692679294118      0.54419481789706     0.231799941

23LAYING                0.27436832079167 -0.022930375346389 -0.11270815636111 -0.30740660954167 -0.055919070194444 -0.42379998347222 0.91639062069444       -0.30594160319444    0.0502735718

24WALKING               0.27698081603448 -0.022544640053448 -0.11059595291379 -0.47076236637931    -0.15412749816379   -0.2888400162069 0.95970108137931    -0.11511624181034    -0.140910029

24WALKING_UPSTAIRS      0.26988110677966 -0.025197943456949 -0.1142486109661 -0.34439935135593      -0.1168044889661 -0.25560101288136 0.90636950050847     -0.23749840915254    -0.227134869

24WALKING_DOWNSTAIRS0.28863120890909 -0.014573034831091 -0.10481882027273         -0.08273248054   -0.10260732678364 -0.20556638074545 0.95088341672727     -0.12832671092727    -0.140123155

24SITTING               0.27347569014706 -0.013125509793824 -0.10304106142647 -0.99059376661765    -0.95625596205882 -0.95705611147059 0.91963760441177      0.18225465195588     0.109559621

24STANDING              0.28034888391304 -0.014478534034899 -0.10822255385507 -0.98725587115942    -0.93687197434783 -0.93028353014493         0.96644228   -0.14520130094203 -0.0530585403

24LAYING                0.27285049493056 -0.017355521011111 -0.10723623723611 -0.96798402111111    -0.98312646194444 -0.97356695888889 -0.35929253402778     0.73843069930556     0.683839909

25WALKING               0.26103295648649 -0.013425699511757 -0.10212748216216 -0.97436245932432    -0.91324639256757 -0.93409975797297 0.74556749663513      0.11167849763514     0.154746917

25WALKING_UPSTAIRS      0.27529547415385 -0.018071118118462 -0.11068585154769     -0.49465784528 -0.091551481692308 -0.58776431184615         0.253607196    0.16205768815385     0.270586726

25WALKING_DOWNSTAIRS0.25955307551724 -0.017527054193103 -0.1157433742931 -0.90424132555172         -0.82667705137931 -0.90708287551724 0.26794159637931      0.43308165362069     0.286210505

25SITTING               0.26231864024615 -0.023387006659195 -0.11360490609231 -0.25762082730461 -0.058124365878462 -0.26149102115385 0.83870143030769       -0.35103634923077          -0.2616

25STANDING              0.27799345445946 -0.01713067981054 -0.1073078427027 -0.30602327201351 -0.011384884864865 -0.28158719545946       0.755966085        -0.17789588837838 -0.0244349179
                                                                           -
25LAYING                 0.2778840539726 -0.0183923855873970.099668441630137 -0.77243939082192 -0.67747093753425 -0.71848937465753 0.88626974643836         -0.30706482383562    -0.039577739

26WALKING               0.27324936991525 -0.019976334013559      -0.107150393 -0.87384487830508    -0.81672847644068 -0.83541805050847 -0.09553848220339     0.57631315972881     0.502844396

26WALKING_UPSTAIRS   0.28571146690909 -0.014598828589091 -0.11467681978182 -0.16263468443091       -0.12629606601454 -0.21724891201818 0.94380692127273         -0.1441046022        -0.15376
26WALKING_DOWNSTAIRS     0.2786381658     -0.023428236472    -0.10801615496    -0.41008592792          -0.14074537721     -0.2698907974      0.957058285       -0.12493831098        -0.14161

26SITTING               0.27749359384615 -0.01339088697959 -0.10288925782051 -0.98767622448718     -0.94264523410256 -0.93746051230769 0.94845028923077 -0.054643030961538 -0.00177332149

26STANDING              0.27357988648649 -0.022102707637162 -0.1083481855027 -0.25447631157838     0.067860817162162 -0.32687017025676 0.87764353243243     -0.31967645108108 -0.0655070717

26LAYING                0.27596494697368 -0.014922866595789 -0.10638171390789 -0.98307572657895    -0.96802050368421 -0.96798416342105 0.51045309697368      0.33854117806579     0.288882806

27WALKING               0.27851585350877 -0.023572333369825 -0.1170498344386 -0.28536045535088     0.039480451842105 -0.32359040322807 0.88157348736842     -0.39883059105263    0.0401701913

27WALKING_UPSTAIRS       0.2518968917451 -0.010671710956863 -0.1447323114902 -0.67581925811765     -0.43470784265294 -0.47670278722745 0.83347543411765     -0.12478432534674    -0.107126936

27WALKING_DOWNSTAIRS0.27636832065909 -0.016936107002273 -0.10420397359091 -0.48425723086591        -0.33971705946136 -0.41586582829545 0.89927961840909     -0.20239233229546 -0.00297183267

27SITTING               0.27770206685714 -0.017204386187143 -0.10667889421429 -0.92700550842857    -0.87081688042857 -0.91513415842857 0.47096937971429     0.073803932285714     0.296975969
27STANDING                    0.273372684 -0.019028145868875 -0.1060878537625       -0.728501688   -0.64548415396625     -0.69107577725      0.903266554      -0.2421728610868       0.0665471

27LAYING                0.27623153797297 -0.020553640518919 -0.1088854572027 -0.54840346817568     -0.36771731385676 -0.63710605851351 0.40959379027027     0.035736397972973     0.291428297

28WALKING               0.25784597714815 -0.015051624499815 -0.10761235822222 -0.95787286185185    -0.87643231062963 -0.93837988203704 0.29131512851852       0.1624040627963     0.415399176

28WALKING_UPSTAIRS      0.27298926313726 -0.017010895053922 -0.10437260443137 -0.49229964541177    -0.37879570294314 -0.56559462172549 0.75268176529412     0.092900666647059    0.0534799470

28WALKING_DOWNSTAIRS        0.2704658505 -0.018181534378043 -0.10902862871739   -0.7124616023913    -0.6400833366087 -0.60003763542522 0.32500230152174      0.34929443124783        0.164381

28SITTING               0.27090895402778 -0.018202878126306 -0.10697905997222 -0.27223558914306    -0.17968850969778 -0.47519174986111 0.95361033319444     -0.13759419034722     0.130601502

28STANDING              0.27757096906329 -0.013873433138608 -0.11217369732911 -0.52341078088228    -0.46981075365253 -0.72300172670886 0.42870736582279      0.30337329752948     0.253270558
28LAYING                   0.280542941875 -0.01879142567625 -0.106594293775       -0.68291945175   -0.60607321838375     -0.72392232075   0.954653266875        -0.10394743945     0.11308809

29WALKING               0.28553585377358 -0.020366839538679 -0.11265634990566 -0.15824115018868    -0.11675685260377 -0.28474401051415    0.7555848454717   -0.13824171112076    0.0534499198

29WALKING_UPSTAIRS  0.28013241469388 -0.014992285654102 -0.11684333463265 -0.52425671204082        -0.56859014437551 -0.41907886417551 0.89813558428571     0.074764044163265    -0.159222111
                                                                                          -
29WALKING_DOWNSTAIRS0.26877749041667 -0.015601527374292 -0.10312865958750.0060727887916667             -0.1040543239   -0.0459111751125       0.927901625   -0.11817986037375    -0.104201828

29SITTING                    0.279698351 -0.025174382071667 -0.10405183271667      -0.9582841155       -0.8994689955       -0.903070249 0.53280567666667     0.32869969702783         0.03772

29STANDING              0.26724925030769 -0.019676277704154 -0.10247788708615 -0.52953638924615    -0.52581325655692       -0.612363015 0.91290709646154 -0.053641696346154 -0.00371459185
                                                                            -
29LAYING                0.25732998285507 -0.0224610985217390.086979215376812 -0.80137309478261     -0.67118646253623 -0.76700222831884 0.23124189869565     -0.15033234276362    0.0984732874

30WALKING               0.27847448276923 -0.014368968212308 -0.11662996324615 -0.58756423610769        -0.5440112672 -0.51323581123538 0.94535760938461 -0.049045790507692       0.0171133294

30WALKING_UPSTAIRS      0.27085626815385 -0.015081219377846 -0.10745512649231 -0.89060495743231    -0.87133009321385 -0.91320395569231 0.20812523353846         0.49598589506     0.144075897

30WALKING_DOWNSTAIRS0.26284467209677 -0.018406157238548 -0.1078337533871        -0.9700272116129   -0.93249859258065 -0.94290926241936 0.63426374874194      0.13340014298871    0.0325864445

30SITTING               0.27718245677419 -0.020060358084298 -0.10589338251613 -0.51080258690323    -0.54073895370968 -0.65420400209677 0.36699509580645     -0.51144218916129     0.116975482

30STANDING              0.27697460677966 -0.017756992738136 -0.10367157472881 -0.67230291569491     -0.6504824740339 -0.70063544525424 0.66505904288136     -0.15021549457627     0.203080356

30LAYING                0.28464407934286 -0.019482066607143 -0.11286463636286 -0.17060245932857    -0.21569543192857      -0.3728694117       0.949221993 -0.081753332628571 -0.0141145548
